128 00C7
129 00FC
130 00E9
131 00E2
132 00E4
133 00E0
134 00E5
135 00E7
136 00EA
137 00EB
138 00E8
139 00EF
140 00EE
141 00EC
142 00C4
143 00C5
144 00C9
145 00E6
146 00C6
147 00F4
148 00F6
149 00F2
150 00FB
151 00F9
152 00FF
153 00D6
154 00DC
155 00A2
156 00A3
157 00A5
158 20A7
159 0192
160 00E1
161 00ED
162 00F3
163 00FA
164 00F1
165 00D1
166 00AA
167 00BA
168 00BF
169 2310
170 00AC
171 00BD
172 00BC
173 00A1
174 00AB
175 00BB
176 2591
177 2592
178 2593
179 2502
180 2524
181 2561
182 2562
183 2556
184 2555
185 2563
186 2551
187 2557
188 255D
189 255C
190 255B
191 2510
192 2514
193 2534
194 252C
195 251C
196 2500
197 253C
198 255E
199 255F
200 255A
201 2554
202 2569
203 2566
204 2560
205 2550
206 256C
207 2567
208 2568
209 2564
210 2565
211 2559
212 2558
213 2552
214 2553
215 256B
216 256A
217 2518
218 250C
219 2588
220 2584
221 258C
222 2590
223 2580
224 03B1
225 00DF
226 0393
227 03C0
228 03A3
229 03C3
230 00B5
231 03C4
232 03A9
233 0398
234 03A9
235 03B4
236 221E
237 03C6
238 03B5
239 2229
240 2261
241 00B1
242 2265
243 2264
244 2320
245 2321
246 00F7
247 2248
248 00B0
249 2219
250 00B7
251 221A
252 207A
253 00B2
254 25A0
255 00A0